
$orca_opt_file

$trust
    0.300000000000

$epredict
    0.000000000000

$ediffsc
  1000.000000000000

$ctyp
  3

$coordinates
 3 12
   2.92625982   1.81079227   0.16130702   4.84873490   1.91967829   0.14380816
   2.33744005   2.55216963  -1.51550367   2.33742115   3.04043707   1.52121064

   2.92101800   1.79604373   0.16363515   4.84883509   1.92516629   0.14298574
   2.33997068   2.55704735  -1.51473809   2.34003215   3.04481989   1.51893936

   2.91166290   1.77007417   0.16776236   4.84092460   1.93769896   0.14104545
   2.34855234   2.56535737  -1.50597146   2.34871609   3.04994676   1.50798580


# redundant internal coordinates
#  nbonds nangles ndihedrals nimpropers ncartesians
# bond  definitions A B
# angle definitions A B C
# dihedral definitions A B C D
# improper torsion definitions A B C D
# cartesian definitions A x/y/z
$redundant_internals
 3 3 0 1 0
   1   0   0
   2   0   0
   3   0   0
   1   0   3   0   0
   2   0   3   0   0
   1   0   2   0   0
   1   3   2   0   0
$energies
 3
 -56.4802511073970379
 -56.4803896186236045
 -56.4804793480476945

$gradients
 3 12
   0.0029558780360240   0.0083077654378713  -0.0012991009426601  -0.0026487782435139
  -0.0022029204406433   0.0003452326474498  -0.0001384317765822  -0.0027819688648618
   0.0020158363492869  -0.0001584078480540  -0.0033098039488282  -0.0010224772700026

   0.0015410972030612   0.0042767167631568  -0.0006740968882660  -0.0003269600549319
  -0.0015137213155358   0.0002430385589342  -0.0005986637904938  -0.0013900572416375
   0.0000650050434109  -0.0006068145043964  -0.0013646106960684   0.0003993443409475

  -0.0001147385115350  -0.0003367804295641   0.0000388160296754   0.0003433923073821
  -0.0000141166380123   0.0000132152577384  -0.0001173175577257   0.0001335820767770
  -0.0003061092555605  -0.0001027527944556   0.0002142351738385   0.0002751493987725


$redundant_coords
 3 7
   1.9256356973357545   1.9256279998117005   1.9256414888875031   1.8500060371900524
   1.8500119441417642   1.8500052730942484  -1.0951314814757325
   1.9322468142841103   1.9322730716579506   1.9323136285317051   1.8382623689455495
   1.8382662435820578   1.8383951192862504  -1.1198042617785167
   1.9367143728916774   1.9367379237074440   1.9367967896939473   1.8151109826355207
   1.8153758027348110   1.8153992376114321  -1.1667058481435026

$redundant_gradients
 3 7
  -0.0027688074826267  -0.0027830697912504  -0.0027943330032867   0.0010759404034519
   0.0025945396631126   0.0010358699867868   0.0027839031533751
  -0.0004261728974649  -0.0004234901222211  -0.0004252272552976   0.0007929487149081
   0.0018894088369600   0.0007778662970158   0.0019873770547374
   0.0003437754048270   0.0003539517331436   0.0003592592450079   0.0000027735282734
   0.0000435467881391   0.0000273639623032   0.0000377588755312

$hessian_approx
 12 12
                  0          1          2          3          4          5    
      0       0.665946  -0.139008   0.022401  -0.416038  -0.083506   0.013501
      1      -0.139008   0.331746   0.061913  -0.031871  -0.011440  -0.020876
      2       0.022401   0.061913   0.705803   0.004813  -0.021024  -0.139151
      3      -0.416038  -0.031871   0.004813   0.448705   0.014074  -0.002231
      4      -0.083506  -0.011440  -0.021024   0.014074   0.032515   0.012647
      5       0.013501  -0.020876  -0.139151  -0.002231   0.012647   0.109693
      6      -0.124920   0.082266  -0.034043  -0.016447   0.024568  -0.068757
      7       0.105628  -0.106580   0.162145   0.004413  -0.014488  -0.009257
      8      -0.053678   0.119455  -0.336305  -0.028055  -0.006017   0.018571
      9      -0.124975   0.088654   0.006822  -0.016265   0.044866   0.057486
     10       0.117029  -0.213317  -0.203096   0.013206  -0.006676   0.017497
     11       0.017939  -0.160027  -0.230418   0.025249   0.014299   0.010902
                  6          7          8          9         10         11    
      0      -0.124920   0.105628  -0.053678  -0.124975   0.117029   0.017939
      1       0.082266  -0.106580   0.119455   0.088654  -0.213317  -0.160027
      2      -0.034043   0.162145  -0.336305   0.006822  -0.203096  -0.230418
      3      -0.016447   0.004413  -0.028055  -0.016265   0.013206   0.025249
      4       0.024568  -0.014488  -0.006017   0.044866  -0.006676   0.014299
      5      -0.068757  -0.009257   0.018571   0.057486   0.017497   0.010902
      6       0.126884  -0.073192   0.086733   0.014500  -0.033624   0.016098
      7      -0.073192   0.097029  -0.120879  -0.036863   0.023900  -0.032167
      8       0.086733  -0.120879   0.367802  -0.004960   0.007585  -0.049885
      9       0.014500  -0.036863  -0.004960   0.126755  -0.096639  -0.059319
     10      -0.033624   0.023900   0.007585  -0.096639   0.195914   0.177802
     11       0.016098  -0.032167  -0.049885  -0.059319   0.177802   0.269275

$bmatrix
 7 12
                  0          1          2          3          4          5    
      0      -0.996152  -0.086551   0.013795   0.996152   0.086551  -0.013795
      1       0.290752  -0.410630   0.864203   0.000000   0.000000   0.000000
      2       0.290659  -0.660819  -0.691979   0.000000   0.000000   0.000000
      3       0.466212   0.493903   0.448183   0.026446  -0.362790  -0.366455
      4      -0.384326   0.708255  -0.113834   0.000000   0.000000   0.000000
      5       0.466304   0.328665  -0.580406   0.026350  -0.229684   0.461689
      6       0.694095   0.898883  -0.144773   0.045254  -0.507797   0.081853
                  6          7          8          9         10         11    
      0       0.000000   0.000000   0.000000   0.000000   0.000000   0.000000
      1      -0.290752   0.410630  -0.864203   0.000000   0.000000   0.000000
      2       0.000000   0.000000   0.000000  -0.290659   0.660819   0.691979
      3       0.000000   0.000000   0.000000  -0.492659  -0.131113  -0.081727
      4       0.192147  -0.404584  -0.256886   0.192179  -0.303672   0.370720
      5      -0.492654  -0.098981   0.118717   0.000000   0.000000   0.000000
      6      -0.369810  -0.195615   0.031471  -0.369538  -0.195471   0.031448

